label start
load scripts/general/refill_port_hope.in
label port_hope_to_edron
node (32629, 32761, 7)
stand (32630, 32770, 7)
action travel_west
node (32557, 32780, 7)
node (32558, 32773, 7)
node (32557, 32766, 7)
ladder (32556, 32766, 7)
node (32556, 32779, 6)
node (32548, 32787, 6)
node (32541, 32778, 6)
walk (32530, 32784, 6)
action travel_edron
node (33175, 31763, 6)
node (33175, 31772, 6)
stand (33175, 31775, 6)
node (33191, 31783, 7)
node (33203, 31797, 7)
node (33201, 31812, 7)
node (33190, 31819, 7)
node (33196, 31838, 7)
node (33212, 31843, 7)
node (33223, 31839, 7)
node (33236, 31835, 7)
label go_hunt
node (33244, 31814, 7)
node (33243, 31798, 7)
node (33247, 31787, 7)
node (33250, 31775, 7)
node (33242, 31767, 7)
stand (33242, 31767, 7)
stand (33241, 31767, 7)
node (33234, 31768, 6)
node (33227, 31768, 6)
node (33220, 31767, 6)
node (33216, 31762, 6)
node (33216, 31758, 6)
stand (33216, 31757, 6)
node (33215, 31748, 7)
node (33215, 31742, 7)
node (33214, 31735, 7)
node (33214, 31728, 7)
node (33212, 31723, 7)
node (33214, 31717, 7)
label enterspawn
node (33193,31713,7)
node (33176,31710,7)
node (33159,31699,7)
node (33136,31699,7)
node (33117,31708,7)
node (33108,31717,7)
stand (33109,31721,7)
node (33086,31712,8)
node (33062,31697,8)
stand (33059,31693,8)
node (33044,31679,9)
node (33025,31687,9)
node (33001,31680,9)
node (32992,31660,9)
node (33007,31643,9)
node (32994,31625,9)
stand (32989,31625,9)
node (33001,31632,10)
node (33017,31634,10)
node (33017,31614,10)
node (33005,31613,10)
node (33004,31598,10)
node (33024,31592,10)
node (33044,31602,10)
stand (33064,31598,10)
node (33056,31595,11)
node (33038,31595,11)
node (33038,31615,11)
node (33037,31636,11)
node (33016,31634,11)
label hunt
node (32996,31634,11)
node (32976,31635,11)
node (32978,31617,11)
node (32972,31606,11)
node (32993,31611,11)
node (32999, 31617, 11)
node (33005,31610,11)
stand (32999,31611,11)
node (33006,31617,12)
node (33006,31628,12)
node (32987,31631,12)
node (32984,31613,12)
stand (32999,31611,12)
walk (33001, 31611, 11)
node (33005,31612,11)
node (33004, 31617, 11)
node (33013, 31634, 11)
action check
label leave
node (33018,31611,11)
stand (33019,31605,11)
node (33072,31702,8)
node (33093,31714,8)
stand (33109,31721,8)
node (33118,31708,7)
node (33136,31699,7)
node (33159,31706,7)
node (33176,31708,7)
node (33200,31719,7)
node (33214, 31717, 7)
node (33212, 31723, 7)
node (33214, 31728, 7)
node (33214, 31735, 7)
node (33215, 31742, 7)
node (33215, 31748, 7)
node (33215, 31756, 7)
stand (33216, 31757, 7)
node (33218, 31765, 6)
node (33226, 31768, 6)
node (33234, 31768, 6)
node (33240, 31768, 6)
stand (33241, 31767, 6)
node (33248, 31769, 7)
node (33250, 31775, 7)
node (33250, 31782, 7)
node (33247, 31787, 7)
node (33244, 31792, 7)
node (33243, 31800, 7)
node (33243,31793,7)
node (33233,31826,7)
node (33217,31841,7)
node (33193,31835,7)
node (33191,31819,7)
label edron_to_port_hope
node (33202, 31813, 7)
node (33203, 31798, 7)
node (33199, 31791, 7)
node (33191, 31781, 7)
node (33180, 31777, 7)
ladder (33175, 31775, 7)
node (33176, 31770, 6)
walk (33177, 31764, 6)
action travel_port_hope
node (32543, 32783, 6)
node (32555, 32785, 6)
node (32557, 32773, 6)
stand (32556, 32766, 6)
node (32558, 32776, 7)
walk (32558, 32781, 7)
action travel_center
node (32629, 32764, 7)
node (32628, 32754, 7)
action check_time
label train
load scripts/general/dp_to_train_port_hope.in
label start trainer
load scripts/general/train_to_dp_port_hope.in
